press	release	interval
196	184	0
151	171	41
179	151	61
164	165	33
165	179	34
163	162	48
169	164	47
171	166	42
164	178	37
178	174	51
152	169	47
167	162	64
165	169	59
180	167	63
162	170	50
177	167	58
177	164	48
152	166	35
167	153	49
154	170	35
162	146	51
170	166	35
147	178	31
152	149	62
182	155	59
150	181	32
178	172	63
168	160	57
171	155	49
147	174	33
168	152	60
163	156	44
157	163	37
125	145	43
166	166	63
183	160	63
146	159	40
156	158	53
161	145	55
158	154	39
182	167	35
146	163	20
189	186	37
0	0	34
