press	release	interval
419	371	0
340	344	111
292	314	115
299	326	137
358	314	164
280	324	120
292	241	164
236	274	113
264	245	151
254	283	132
272	253	161
284	293	142
277	270	151
257	264	144
278	267	151
265	281	140
238	210	156
265	254	128
229	283	117
252	217	171
263	286	136
272	198	159
216	271	85
243	189	140
190	243	86
252	261	139
238	229	148
218	229	139
242	239	150
224	235	147
215	190	158
216	207	133
194	207	124
207	203	137
202	210	133
201	221	141
232	170	161
213	243	99
192	198	129
206	205	135
210	187	134
186	225	111
224	244	150
214	184	170
244	253	140
213	189	149
221	221	125
207	206	125
232	256	124
233	439	148
460	216	354
202	227	110
198	211	135
226	219	148
0	226	141
