press	release	interval
146	149	0
166	142	48
134	143	24
142	140	33
146	156	31
134	146	41
168	152	53
142	153	37
157	156	48
155	154	47
129	145	46
155	146	62
159	150	53
141	154	44
154	160	57
169	173	63
152	136	67
169	164	51
160	163	46
156	147	49
145	157	40
170	168	52
174	153	50
133	156	29
156	159	52
155	152	55
142	152	52
168	157	62
156	155	51
153	152	50
166	163	49
151	157	46
159	153	52
154	145	46
142	155	37
161	156	50
139	158	45
168	167	64
154	160	63
166	148	69
157	165	51
170	159	59
164	163	48
167	177	47
185	170	57
167	175	42
180	179	50
182	171	49
172	181	38
184	175	47
189	181	38
167	173	30
175	186	36
243	232	47
0	349	36
