press	release	interval
402	359	0
315	336	161
341	340	182
364	334	181
276	312	151
264	255	187
249	238	178
339	270	167
184	257	98
284	283	171
311	287	170
375	335	146
296	343	106
264	273	153
276	284	162
246	229	170
282	241	153
256	325	112
460	458	181
315	289	179
271	288	153
272	278	170
293	285	176
248	263	168
315	313	183
271	241	181
314	308	151
260	282	145
293	214	167
196	262	88
321	290	154
242	290	123
308	279	171
236	260	142
343	276	166
212	294	99
327	317	181
277	272	171
273	282	166
316	545	175
542	317	404
297	288	179
273	274	170
309	305	171
270	260	167
319	562	157
553	319	400
324	295	166
267	326	137
335	297	196
245	268	158
311	310	181
283	281	180
336	324	178
0	264	166
